KD11-B (PDP-11/05) control store, transcribed by OCR from the microcode listing
pages of the PDP-11/05 engineering drawings, July 1976 set.
214 of the 256 control-store locations are listed; the other 42 are not printed.

Bits are AS PRINTED. The NXT field is stored ACTIVE LOW: the effective next
microaddress is NXT XOR 0377, given in the NXT-> column. This was established by
structural test, not assumed - see kd11b-README.md.

NAM    LOC  NXT->  NXT      ALU   CRI FSH AUX PSW SP1 SP3 DIP SM0 SP0 SM1 BBT BAR BTP SPF SP2 CKO ABT TNS ALG BRG BUT 
------ ---- ------ -------- ----- --- --- --- --- --- --- --- --- --- --- --- --- --- --- --- --- --- --- --- --- ----
A145   145  377    00000000 00000 0   1   0   0   0   0   0   1   0   1   0   0   1   0   0   0   0   00  00  00  0101
B-1    015  147    10011000 11000 0   1   1   1   0   0   1   1   0   1   1   1   1   1   0   1   1   11  11  01  1111
B-2    147  146    10011001 01100 0   1   1   1   1   0   1   1   1   1   1   1   1   1   1   1   1   11  11  11  1111
B-3    146  040    11011111 01011 0   1   1   1   1   0   1   1   1   1   1   1   1   0   1   1   1   11  11  00  1100
B2-2   305  040    11011111 00001 0   1   1   1   0   0   1   1   0   1   1   1   1   1   0   1   1   11  11  00  1100
B2-2A  333  040    11011111 00001 0   1   1   1   0   0   1   1   0   1   1   1   1   1   0   1   1   11  11  00  1100
B2-2B  335  040    11011111 00001 0   1   1   1   0   0   1   1   0   1   1   1   1   1   0   1   1   11  11  00  1100
B2-2C  343  040    11011111 00001 0   1   1   1   0   0   1   1   0   1   1   1   1   1   0   1   1   11  11  00  1100
B2-2D  013  040    11011111 00001 0   1   1   1   0   0   1   1   0   1   1   1   1   1   0   1   1   11  11  00  1100
BG-1   040  305    00111010 00001 0   1   1   1   0   0   1   1   0   1   1   1   1   1   0   1   1   11  11  00  0001
BT-1   045  245    01011010 00001 0   1   1   1   1   0   1   1   0   1   1   1   1   0   0   1   1   11  10  11  1101
CC-1   112  040    11011111 00101 0   1   1   0   0   0   1   1   0   1   1   1   1   1   0   1   1   11  00  00  1100
CCM-1  151  350    00010111 00011 0   1   1   1   0   0   1   1   1   1   1   1   1   0   0   1   1   11  10  11  1101
CCM-2  350  112    10110101 00001 0   1   1   1   0   0   1   1   0   1   1   1   1   1   0   1   1   11  11  00  1001
CCS-1  316  276    01000001 00001 0   1   1   1   1   0   1   1   1   1   1   1   1   1   1   1   1   11  11  11  1111
CCS-2  276  270    01000111 00001 0   1   1   1   0   0   1   1   0   1   1   1   1   1   0   1   1   11  11  00  0110
CCS-3  272  062    11001101 00111 0   1   1   1   0   0   1   1   0   1   1   1   1   1   0   1   1   11  11  00  0000
CD1-1  313  303    00111100 00001 0   1   1   1   1   1   1   1   1   1   1   1   1   1   1   1   1   11  11  11  0110
CD1-2  303  374    00000011 11111 0   1   1   1   0   0   1   1   0   1   1   0   1   0   0   0   1   10  10  00  1101
CD1-3  374  314    00110011 00001 0   1   1   1   0   0   1   0   0   0   1   1   1   1   0   1   1   11  10  11  1111
CD1-4  314  372    00000101 00001 0   1   1   1   1   1   1   1   1   1   1   0   1   1   1   0   1   01  11  00  1111
CD1-5  372  302    00111101 01011 0   1   1   1   0   0   1   0   0   0   1   1   1   1   0   1   1   11  11  00  1111
CD2-1  312  337    00100000 01100 1   1   1   1   1   1   1   1   1   1   0   1   1   1   1   1   1   11  11  11  1111
CD2-2  337  313    00110100 01011 0   1   1   1   1   1   1   1   1   1   1   1   1   0   1   1   1   11  11  00  1111
CE1-1  317  307    00111000 00001 0   1   1   1   1   1   1   1   1   1   1   0   1   1   1   1   1   11  11  11  0110
CE1-2  307  326    00101001 00001 0   1   1   1   0   0   1   1   0   1   1   1   1   1   0   0   1   10  11  00  1111
CE1-3  326  302    00111101 00001 0   1   1   1   0   0   1   0   0   0   1   1   1   1   0   1   1   11  10  11  1111
CE2-1  315  371    00000110 01100 1   1   1   1   1   1   1   1   1   1   0   0   1   1   1   1   1   11  11  11  1111
CE2-2  371  317    00110000 01011 0   1   1   1   1   1   1   1   1   1   1   1   1   0   1   1   1   11  11  00  1111
CL-1   311  375    00000010 11111 0   1   1   1   0   0   1   1   0   1   1   0   1   0   0   0   1   10  10  00  1101
CL-2   375  367    00001000 00001 0   1   1   1   0   0   1   0   0   0   1   1   1   1   0   1   1   11  10  11  1111
CL-3   367  302    00111101 01011 0   1   1   1   1   1   1   1   1   1   1   1   1   0   1   1   1   11  11  00  1111
CS-1   100  322    00101101 00111 0   1   1   1   0   0   1   1   0   1   1   1   1   1   0   1   1   11  11  00  0000
CS-2   322  321    00101110 00001 0   1   1   1   1   1   1   1   1   1   1   0   1   1   1   1   1   11  11  11  1111
CS-3   321  040    11011111 01011 0   1   1   1   1   0   1   1   1   1   1   1   1   0   1   1   1   11  11  00  1100
D0-1   101  154    10010011 00001 0   1   1   1   0   0   1   0   0   1   1   1   1   1   0   1   1   11  11  11  0101
D0-2   157  142    10011101 01011 0   1   1   1   0   1   1   1   1   1   1   1   1   0   0   1   1   11  11  00  1010
D0-3   162  332    00100101 11111 1   1   1   1   0   1   1   1   0   1   1   1   1   1   0   1   1   11  11  11  0010
D0-3A  155  332    00100101 11111 1   1   1   1   0   1   1   1   0   1   1   1   1   1   0   1   1   11  11  11  0010
D0-4   332  040    11011111 01011 0   1   1   1   0   0   1   0   0   1   1   1   1   0   0   1   1   11  11  00  1100
D1-1   103  200    01111111 00001 0   1   1   1   0   0   0   0   0   1   1   0   1   1   0   0   0   10  11  11  1011
D1-2   200  210    01110111 00001 0   1   1   1   0   0   1   0   0   0   1   1   1   1   0   1   1   11  10  11  0011
D1-3   210  143    10011100 01011 0   1   1   1   0   1   1   1   1   1   1   1   1   0   0   1   1   11  11  00  1010
D1-4   163  334    00100011 11111 1   1   1   1   0   1   1   1   0   1   1   1   1   1   0   1   1   11  11  11  0010
D1-5   334  065    11001010 00001 0   1   1   1   0   0   1   1   0   1   1   1   1   1   0   0   0   01  11  00  1111
D1-6   065  305    00111010 01011 0   1   1   1   0   0   1   1   0   1   1   1   1   1   0   1   1   11  11  00  1111
D2-1   105  331    00100110 00001 0   1   1   1   0   0   0   0   0   1   1   0   1   1   0   1   0   10  11  00  1111
D2-2   331  341    00011110 01100 1   1   1   1   0   0   1   0   0   1   0   1   1   1   0   1   1   11  11  11  1111
D2-3   341  200    01111111 01011 0   1   1   1   0   0   1   0   0   1   1   1   1   0   0   0   1   11  11  00  1011
D3-1   107  160    10001111 00001 0   1   1   1   0   0   1   0   0   1   1   0   1   1   0   1   1   10  11  00  1111
D3-2   160  070    11000111 01100 1   1   1   1   0   0   1   0   0   1   0   1   1   1   0   1   1   11  11  11  1111
D3-3   070  071    11000110 01011 0   1   1   1   0   0   1   0   0   1   1   1   1   0   0   0   1   11  11  00  1111
D3-4   071  072    11000101 00001 0   1   1   1   0   0   1   0   0   0   1   1   1   1   0   1   1   11  10  11  1111
D3-5   072  200    01111111 01011 0   1   1   1   0   0   0   1   0   1   1   0   1   1   0   0   0   10  11  00  1011
D4-1   111  341    00011110 10010 0   1   1   1   0   0   0   0   0   1   0   0   1   1   0   1   0   10  11  11  0100
D5-1   113  070    11000111 10010 0   1   1   1   0   0   1   0   0   1   0   0   1   1   0   1   1   10  11  11  0100
D6-1   115  075    11000010 00001 0   1   1   1   1   0   1   1   1   1   1   0   1   1   1   1   1   10  11  00  1111
D6-2   075  077    11000000 01100 1   1   1   1   1   0   1   1   1   1   0   1   1   1   1   1   1   11  11  11  1111
D6-3   077  057    11010000 01011 0   1   1   1   1   0   1   1   1   1   1   1   1   0   1   0   1   11  11  00  1111
D6-4   057  300    00111111 00001 0   1   1   1   0   0   1   0   0   0   1   1   1   1   0   1   1   11  10  11  1111
D6-5   300  200    01111111 01100 0   1   1   1   0   0   0   0   0   1   1   0   1   1   0   0   0   10  11  11  1011
D7-1   117  310    00110111 00001 0   1   1   1   1   0   1   1   1   1   1   0   1   1   1   1   1   10  11  00  1111
D7-2   310  104    10111011 01100 1   1   1   1   1   0   1   1   1   1   0   1   1   1   1   1   1   11  11  11  1111
D7-3   104  320    00101111 01011 0   1   1   1   1   0   1   1   1   1   1   1   1   0   1   0   1   11  11  00  1111
D7-4   320  106    10111001 00001 0   1   1   1   0   0   1   0   0   0   1   1   1   1   0   1   1   11  10  11  1111
D7-5   106  071    11000110 01100 0   1   1   1   0   0   1   0   0   1   1   0   1   1   0   0   1   10  11  00  1111
DB0-1  156  144    10011011 01011 0   1   1   1   0   1   1   1   1   1   1   1   0   0   0   1   1   11  11  11  1010
DB0-2  164  304    00111011 11111 1   1   1   1   0   1   1   1   0   1   1   1   1   1   0   1   1   11  11  11  0010
DB0-3  304  040    11011111 01011 0   1   1   1   0   0   1   0   0   1   1   1   1   0   0   1   1   11  01  00  1100
DBF-1  110  041    11011110 00001 0   1   1   1   0   0   1   1   0   1   1   1   1   1   0   1   1   11  11  00  1111
DF-1   250  163    10001100 01011 0   1   1   1   0   1   1   1   1   1   1   1   0   0   0   1   1   11  11  11  1010
DO-1   270  123    10101100 00001 0   0   1   1   0   0   1   1   0   1   1   1   1   1   0   1   1   11  11  10  1111
DO-10  165  342    00011101 11111 1   1   1   1   0   1   1   1   0   1   1   1   1   1   0   1   1   11  11  11  0010
DO-11  342  135    10100010 00001 0   0   1   1   0   0   1   1   0   1   1   1   1   1   0   1   1   11  11  01  1111
DO-12  135  136    10100001 00001 0   0   1   1   0   0   1   1   0   1   1   1   1   1   0   1   1   11  11  01  1111
DO-13  136  137    10100000 00001 0   0   1   1   0   0   1   1   0   1   1   1   1   1   0   1   1   11  11  01  1111
DO-14  137  140    10011111 00001 0   0   1   1   0   0   1   1   0   1   1   1   1   1   0   1   1   11  11  01  1111
DO-15  140  141    10011110 00001 0   0   1   1   0   0   1   1   0   1   1   1   1   1   0   1   1   11  11  01  1111
DO-16  141  142    10011101 00001 0   0   1   1   0   0   1   1   0   1   1   1   1   1   0   1   1   11  11  01  1111
DO-17  142  143    10011100 00001 0   0   1   1   0   0   1   1   0   1   1   1   1   1   0   1   1   11  11  01  1111
DO-18  143  065    11001010 00001 0   1   1   1   0   0   1   1   0   1   1   1   1   1   0   0   0   01  11  01  1111
DO-2   123  124    10101011 00001 0   0   1   1   0   0   1   1   0   1   1   1   1   1   0   1   1   11  11  10  1111
DO-3   124  125    10101010 00001 0   0   1   1   0   0   1   1   0   1   1   1   1   1   0   1   1   11  11  10  1111
DO-4   125  126    10101001 00001 0   0   1   1   0   0   1   1   0   1   1   1   1   1   0   1   1   11  11  10  1111
DO-5   126  127    10101000 00001 0   0   1   1   0   0   1   1   0   1   1   1   1   1   0   1   1   11  11  10  1111
DO-6   127  130    10100111 00001 0   0   1   1   0   0   1   1   0   1   1   1   1   1   0   1   1   11  11  10  1111
DO-7   130  131    10100110 00001 0   0   1   1   0   0   1   1   0   1   1   1   1   1   0   1   1   11  11  10  1111
DO-8   131  132    10100101 00001 0   1   1   1   0   0   1   1   0   1   1   1   1   1   0   1   1   11  11  10  1111
DO-9   132  145    10011010 01011 0   1   1   1   0   1   1   1   1   1   1   1   0   0   0   1   1   11  11  11  1010
ERT-1  010  245    01011010 00001 0   1   1   1   1   0   1   1   0   1   1   1   1   0   1   1   1   11  10  11  1101
ERT1A  046  003    11111100 00001 0   1   1   1   1   0   1   1   0   1   1   1   1   0   1   1   1   11  10  11  1101
ERT1B  153  245    01011010 00001 0   1   1   1   1   0   1   1   0   1   1   1   1   0   1   1   1   11  10  11  1101
ET-1   011  245    01011010 00001 0   1   1   1   1   0   1   1   0   1   1   1   1   1   0   1   1   11  10  11  1101
ET-10  254  255    01010010 00001 0   1   1   1   1   1   1   1   0   1   1   0   1   1   0   0   1   10  11  00  0000
ET-11  255  256    01010001 00001 0   1   1   1   1   0   1   1   1   1   1   1   1   0   1   1   1   11  11  11  1111
ET-12  256  257    01010000 01100 1   1   1   1   1   1   1   1   0   1   0   0   1   1   0   0   1   10  11  11  1111
ET-13  257  305    00111010 00001 0   1   1   0   0   0   1   1   0   1   1   1   1   1   0   1   1   11  11  11  1111
ET-2   245  246    01011001 01011 0   1   1   1   1   1   1   1   0   1   1   1   1   0   0   1   1   11  11  00  1111
ET-3   246  247    01011000 10010 0   1   1   1   1   0   1   1   0   1   0   0   1   1   1   1   1   11  11  11  0100
ET-5   247  226    01101001 01011 0   1   1   1   1   0   1   1   0   1   1   1   1   0   1   0   1   01  11  00  1111
ET-6   226  251    01010110 00001 0   1   1   1   0   0   1   1   0   1   1   1   1   1   0   1   1   11  00  00  1111
ET-7   251  252    01010101 10010 0   1   1   1   1   0   1   1   0   1   0   0   1   1   1   1   1   11  11  11  0100
ET-8   252  253    01010100 01011 0   1   1   1   1   0   1   1   0   1   1   1   1   0   1   0   1   01  11  00  1111
ET-9   253  254    01010011 00001 0   1   1   1   1   0   1   1   1   1   1   1   1   1   1   1   1   11  11  00  1111
ET2-2  003  004    11111011 01011 0   1   1   1   1   1   1   1   0   1   1   1   1   0   0   1   1   11  11  11  1111
ET2-3  004  036    11100001 10010 0   1   1   1   1   0   1   1   0   1   0   0   1   1   1   1   1   11  11  11  1111
ET2-5  036  037    11100000 01011 0   1   1   1   1   0   1   1   0   1   1   1   1   0   1   0   1   01  11  00  1111
ET2-6  037  051    11010110 00001 0   1   1   1   0   0   1   1   0   1   1   1   1   1   0   1   1   11  00  00  1111
ET2-7  051  252    01010101 10010 0   1   1   1   1   0   1   1   0   1   0   0   1   1   1   1   1   11  11  11  1111
F-1    062  053    11010100 00001 0   1   1   1   1   0   1   1   1   1   1   0   1   1   1   1   1   10  11  00  1111
F-2    053  365    00001010 01100 1   1   1   1   1   0   1   1   1   1   0   1   1   1   1   1   1   11  11  11  1111
F-3    365  364    00001011 01011 0   1   1   1   1   0   1   1   1   1   1   1   1   0   1   0   1   11  11  00  1111
F-4    364  061    11001110 00001 0   1   1   1   0   0   1   0   0   0   1   1   1   1   0   1   1   11  10  11  0000
F-5    061  001    11111110 01011 0   1   1   1   0   0   1   1   0   1   1   1   0   1   0   1   1   11  11  11  0111
H-1    041  302    00111101 00001 0   1   1   1   1   0   1   1   1   1   1   1   1   1   1   1   1   11  11  11  1111
H-2    302  300    00111111 00001 0   1   1   1   1   1   1   1   1   1   1   0   1   1   1   1   1   11  11  00  0110
INT-1  325  246    01011001 00001 0   1   1   1   1   1   1   1   0   1   1   1   1   0   0   1   1   11  11  00  1000
IT-1   273  245    01011010 00001 0   1   1   1   0   0   1   1   0   1   1   1   1   1   1   1   1   11  10  11  1101
J1-1   204  260    01001111 00001 0   1   1   1   0   0   1   1   0   1   1   1   1   1   0   1   1   11  11  00  1111
J1-2   260  040    11011111 01011 0   1   1   1   1   0   1   1   1   1   1   1   1   0   1   1   1   11  11  00  1100
J2-1   212  261    01001110 00001 0   1   1   1   0   0   1   1   0   1   1   1   1   1   0   1   1   11  11  00  1111
J2-1A  261  262    01001101 01011 0   1   1   1   0   1   1   1   1   1   1   1   1   0   0   1   1   11  11  00  1111
J2-2   262  214    01110011 10010 0   1   1   1   1   0   1   1   0   1   0   0   1   1   1   1   1   11  11  11  0100
J2-3   214  206    01111001 01011 0   1   1   1   1   0   1   1   0   1   1   1   1   0   1   0   1   01  11  00  1111
J2-4   206  216    01110001 00001 0   1   1   1   0   0   1   1   0   0   1   1   1   1   0   1   1   11  11  00  1111
J2-5   216  263    01001100 00001 0   1   1   1   1   0   1   1   1   1   1   1   1   1   1   1   1   11  11  11  1111
J2-6   263  264    01001011 01011 0   1   1   1   0   0   1   1   0   0   1   1   1   0   0   1   1   11  11  00  1111
J2-7   264  265    01001010 00001 0   1   1   1   0   1   1   1   1   1   1   1   1   1   0   1   1   11  11  11  1111
J2-8   265  040    11011111 01011 0   1   1   1   1   0   1   1   1   1   1   1   1   0   1   1   1   11  11  00  1100
LC-1   042  245    01011010 00001 0   1   1   1   0   1   1   1   1   1   1   1   1   1   0   1   1   11  10  11  1101
MB-0   154  240    01011111 00001 0   1   0   1   0   0   1   1   0   1   1   1   1   1   0   1   1   11  11  00  1111
MB-1   240  152    10010101 11111 1   1   1   1   0   1   1   1   0   1   1   1   1   1   0   1   1   11  11  11  1111
MB-2   152  040    11011111 01011 0   1   1   1   0   0   1   0   0   1   1   1   0   0   0   1   1   11  11  00  1100
PF-1   043  245    01011010 00001 0   1   1   1   0   1   1   1   0   1   1   1   1   1   0   1   1   11  10  11  1101
R1-1   005  221    01101110 00001 0   1   1   1   1   0   1   1   0   1   1   0   1   1   1   1   1   10  11  00  1111
R1-2   221  222    01101101 01100 1   1   1   1   1   0   1   1   0   1   0   1   1   1   1   1   1   11  11  11  1111
R1-3   222  223    01101100 01011 0   1   1   1   1   0   1   1   0   1   1   1   1   0   1   1   1   11  11  00  1111
R1-4   223  224    01101011 00001 0   1   1   1   0   0   1   0   0   1   1   1   1   1   0   1   1   11  11  11  1111
R1-5   224  225    01101010 01011 0   1   1   1   1   0   1   1   1   1   1   1   1   0   1   0   1   11  11  00  1111
R1-6   225  332    00100101 00001 0   1   1   1   0   0   1   0   0   0   1   1   1   1   0   1   1   11  10  11  1111
R2-1   227  230    01100111 00001 0   1   1   1   1   0   1   1   0   1   1   0   1   1   1   1   1   10  11  00  1111
R2-2   230  231    01100110 01100 1   1   1   1   1   0   1   1   0   1   0   1   1   1   1   1   1   11  11  11  1111
R2-3   231  232    01100101 01011 0   1   1   1   1   0   1   1   0   1   1   1   1   0   1   0   1   11  11  00  1111
R2-4   232  234    01100011 00001 0   1   1   1   1   0   1   1   1   1   1   1   1   0   1   1   1   11  11  00  1111
R2-6   234  235    01100010 00001 0   1   1   1   1   0   1   1   0   1   1   0   1   1   1   1   1   10  11  00  1111
R2-7   235  236    01100001 01100 1   1   1   1   1   0   1   1   0   1   0   1   1   1   1   1   1   11  11  11  1111
R2-8   236  237    01100000 01011 0   1   1   1   1   0   1   1   0   1   1   1   1   0   1   0   1   11  11  00  1111
R2-9   237  305    00111010 00001 0   1   1   0   0   0   1   1   0   1   1   1   1   1   0   1   1   11  10  00  1111
RS-1   000  241    01011110 00001 0   1   1   1   0   1   1   1   0   1   1   0   1   1   0   1   1   10  10  00  1101
RS-1A  241  347    00011000 00001 0   1   1   1   0   0   1   1   0   1   1   1   1   1   0   0   1   11  11  00  1111
RS-2   347  074    11000011 00001 0   1   1   1   1   0   1   1   1   1   1   1   1   0   1   1   1   11  11  00  1111
RS-3   074  351    00010110 01100 1   1   1   1   0   1   1   1   0   1   0   0   1   1   0   0   1   10  10  00  1101
RS-4   351  305    00111010 00001 0   1   1   0   0   0   1   1   0   1   1   1   1   1   0   1   1   11  11  00  1111
RST-1  357  305    00111010 00001 0   1   1   1   0   0   1   1   0   1   1   1   1   1   0   0   1   11  11  00  1110
RT-1   001  245    01011010 00001 0   1   1   1   1   0   1   1   0   1   1   1   1   1   1   1   1   11  10  11  1101
S0-1   201  007    11111000 00001 0   1   1   1   0   0   1   1   0   0   1   1   1   1   0   1   1   11  11  11  0011
S0-2   007  001    11111110 01011 0   1   1   1   0   1   1   1   0   1   1   1   1   0   0   1   1   11  11  00  1001
S1-1   203  244    01011011 00001 0   1   1   1   0   0   1   1   0   0   1   0   1   1   0   0   0   10  11  00  1111
S1-2   244  007    11111000 00001 0   1   1   1   0   0   1   0   0   0   1   1   1   1   0   1   1   11  10  11  0011
S2-1   205  301    00111110 00001 0   1   1   1   0   0   1   1   0   0   1   0   1   1   0   1   0   10  11  00  1111
S2-2   301  014    11110011 01100 1   1   1   1   0   0   1   1   0   0   0   1   1   1   0   1   1   11  11  11  1111
S2-3   014  244    01011011 01011 0   1   1   1   0   0   1   1   0   0   1   1   1   0   0   0   1   11  11  00  1111
S3-1   207  016    11110001 00001 0   1   1   1   0   0   1   1   0   0   1   0   1   1   0   1   1   10  11  00  1111
S3-2   016  017    11110000 01100 1   1   1   1   0   0   1   1   0   0   0   1   1   1   0   1   1   11  11  11  1111
S3-3   017  134    10100011 01011 0   1   1   1   0   0   1   1   0   0   1   1   1   0   0   0   1   11  11  00  1111
S3-4   134  274    01000011 00001 0   1   1   1   0   0   1   0   0   0   1   1   1   1   0   1   1   11  10  11  1111
S3-5   274  244    01011011 01011 0   1   1   1   0   0   1   1   0   1   1   0   1   1   0   0   0   10  11  00  1111
S4-1   211  014    11110011 10010 0   1   1   1   0   0   1   1   0   0   0   0   1   1   0   1   0   10  11  11  0100
S5-1   213  017    11110000 10010 0   1   1   1   0   0   1   1   0   0   0   0   1   1   0   1   1   10  11  11  0100
S6-1   215  025    11101010 00001 0   1   1   1   1   0   1   1   1   1   1   0   1   1   1   1   1   10  11  00  1111
S6-2   025  026    11101001 01100 1   1   1   1   1   0   1   1   1   1   0   1   1   1   1   1   1   11  11  11  1111
S6-3   026  027    11101000 01011 0   1   1   1   1   0   1   1   1   1   1   1   1   0   1   0   1   11  11  00  1111
S6-4   027  030    11100111 00001 0   1   1   1   0   0   1   0   0   0   1   1   1   1   0   1   1   11  10  11  1111
S6-5   030  244    01011011 01100 0   1   1   1   0   0   1   1   0   0   1   0   1   1   0   0   0   10  11  00  1111
S7-1   217  032    11100101 00001 0   1   1   1   1   0   1   1   1   1   1   0   1   1   1   1   1   10  11  00  1111
S7-2   032  033    11100100 01100 1   1   1   1   1   0   1   1   1   1   0   1   1   1   1   1   1   11  11  11  1111
S7-3   033  034    11100011 01011 0   1   1   1   1   0   1   1   1   1   1   1   1   0   1   0   1   11  11  00  1111
S7-4   034  035    11100010 00001 0   1   1   1   0   0   1   0   0   0   1   1   1   1   0   1   1   11  10  11  1111
S7-5   035  134    10100011 01100 0   1   1   1   0   0   1   1   0   0   1   0   1   1   0   0   1   10  11  00  1111
SB1-1  166  172    10000101 11100 0   0   1   1   0   0   1   1   0   1   1   1   1   1   0   1   1   11  11  01  1111
SB1-2  172  173    10000100 11100 0   0   1   1   0   0   1   1   0   1   1   1   1   1   0   1   1   11  11  01  1111
SB1-3  173  174    10000011 11100 0   0   1   1   0   0   1   1   0   1   1   1   1   1   0   1   1   11  11  01  1111
SB1-4  174  144    10011011 11100 0   0   1   1   0   0   1   1   0   1   1   1   1   1   0   1   1   11  11  01  1111
SB1-5  144  176    10000001 11100 0   0   1   1   0   0   1   1   0   1   1   1   1   1   0   1   1   11  11  01  1111
SB1-6  176  177    10000000 11100 0   0   1   1   0   0   1   1   0   1   1   1   1   1   0   1   1   11  11  01  1111
SB1-7  177  006    11111001 11100 0   0   1   1   0   0   1   1   0   1   1   1   1   1   0   1   1   11  11  01  1111
SB1-8  006  155    10010010 11100 0   1   0   1   0   0   1   1   0   1   1   1   1   1   0   1   1   11  11  01  1111
SB2-1  167  012    11110101 11100 0   0   1   1   0   0   1   1   0   1   1   1   1   1   0   1   1   11  11  01  1111
SB2-2  012  220    01101111 11100 0   0   1   1   0   0   1   1   0   1   1   1   1   1   0   1   1   11  11  01  1111
SB2-3  220  022    11101101 11100 0   0   1   1   0   0   1   1   0   1   1   1   1   1   0   1   1   11  11  01  1111
SB2-4  022  023    11101100 11100 0   0   1   1   0   0   1   1   0   1   1   1   1   1   0   1   1   11  11  01  1111
SB2-5  023  024    11101011 11100 0   0   1   1   0   0   1   1   0   1   1   1   1   1   0   1   1   11  11  01  1111
SB2-6  024  031    11100110 11100 0   0   1   1   0   0   1   1   0   1   1   1   1   1   0   1   1   11  11  01  1111
SB2-7  031  330    00100111 11100 0   0   1   1   0   0   1   1   0   1   1   1   1   1   0   1   1   11  11  01  1111
SB2-8  330  163    10001100 11100 0   1   0   1   0   0   1   1   0   1   1   1   1   1   0   1   1   11  11  01  1111
SBF-1  047  001    11111110 01011 0   1   1   1   0   1   1   1   0   1   1   1   0   0   0   1   1   11  11  00  1001
SBO-1  067  346    00011001 00001 0   0   1   1   0   0   1   1   0   1   1   1   1   1   0   1   1   11  11  10  1111
SBO-2  346  324    00101011 00001 0   0   1   1   0   0   1   1   0   1   1   1   1   1   0   1   1   11  11  10  1111
SBO-3  324  340    00011111 00001 0   0   1   1   0   0   1   1   0   1   1   1   1   1   0   1   1   11  11  10  1111
SBO-4  340  361    00001110 00001 0   0   1   1   0   0   1   1   0   1   1   1   1   1   0   1   1   11  11  10  1111
SBO-5  361  050    11010111 00001 0   0   1   1   0   0   1   1   0   1   1   1   1   1   0   1   1   11  11  10  1111
SBO-6  050  020    11101111 00001 0   0   1   1   0   0   1   1   0   1   1   1   1   1   0   1   1   11  11  10  1111
SBO-7  020  052    11010101 00001 0   0   1   1   0   0   1   1   0   1   1   1   1   1   0   1   1   11  11  10  1111
SBO-8  052  047    11011000 00001 0   1   1   1   0   0   1   1   0   1   1   1   1   1   0   1   1   11  11  10  1111
SC-1   116  040    11011111 01001 0   1   1   0   0   0   1   1   0   1   1   1   1   1   0   1   1   11  00  00  1100
T-1    021  245    01011010 00001 0   1   1   1   0   0   1   1   0   1   1   1   1   0   1   1   1   11  10  11  1101
U1-1   352  162    10001101 01011 0   1   0   1   0   1   1   1   0   1   1   1   1   0   0   1   1   11  11  00  1111
U2-1   353  163    10001100 01011 0   1   0   1   0   1   1   1   0   1   1   1   1   0   0   1   1   11  11  00  1111
U3-1   354  164    10001011 01011 0   1   0   1   0   1   1   1   0   1   1   1   1   0   0   1   1   11  11  00  1111
U4-1   355  165    10001010 01011 0   1   0   1   0   1   1   1   0   1   1   1   1   0   0   1   1   11  11  00  1111
U5-1   373  163    10001100 01011 0   1   0   1   0   1   1   1   0   1   1   1   1   0   0   1   1   11  11  00  1111
URTR   064  245    01011010 00001 0   1   1   1   1   1   1   1   0   1   1   1   1   0   1   1   1   11  10  11  1101
URTX   060  245    01011010 00001 0   1   1   1   0   0   1   1   1   1   1   1   1   1   0   1   1   11  10  11  1101
W-1    063  040    11011111 00001 0   1   1   1   0   0   1   1   0   1   1   1   1   1   0   1   1   11  11  00  1100
